905112019410194000044
905112019410194000097
905112019410194000074
905112019410194000037
905112019410194000165
905112019410194000113
905112019410194001527
905112019410194001451
905112019410194002534
905112019410194000647
905112019410194000903
905112019410194000882
905112019410194000639
905112019410194000918
905112019410194002003
905112019410194001697
905112019410194000741
905112019410194001082
905112019410194000885
905112019410194000894
905112019410194001084
905112019410194001401
905112019410194001237
905112019410194000745
905112019410194001790
905112019410194001391
905112019410194001376
905112019410194001155
905112019410194000506
905112019410194000531
905112019410194000377
905112019410194003094
905112019410194000694
905112019410194000561
905112019410194000766
905112019410194000422
905112019410194000338
905112019410194000499
905112019410194000747
905112019410194000360
905112019410194000559
905112019410194000375
905112019410194001208
905112019410194000989
905112019410194001747
905112019410194001392
905112019410194001366
905112019410194000914
905112019410194000641
905112019410194001130
905112019410194001059
905112019410194001125
905112019410194001302
905112019410194001000
905112019410194001131
905112019410194001394
905112019410194000820
905112019410194001164
905112019410194000245
905112019410194001735
905112019410194000255
905112019410194001424
905112019410194002996
905112019410194000277
905112019410194002299
905112019410194000270
905112019410194002781
905112019410194001688
905112019410194000229
905112019410194003165
905112019410194002548
905112019410194001831
905112019410194002870
905112019410194002677
905112019410194002384
905112019410194001120
905112019410194001772
905112019410194002480
905112019410194001670
905112019410194001827
905112019410194003207
905112019410194003077
905112019410194002637
905112019410194003142
905112019410194000271
905112019410194002055
905112019410194002953
905112019410194001875
905112019410194000239
905112019410194002658
905112019410194003586
905112019410194002598
905112019410194002207
905112019410194001841
905112019410194002454
905112019410194003012
905112019410194001475
905112019410194002779
905112019410194001492
905112019410194001739
905112019410194002762
905112019410194001617
905112019410194002928
905112019410194001512
905112019410194002398
905112019410194001567
905112019410194003242
905112019410194002999
905112019410194002601
905112019410194001986
905112019410194001467
905112019410194002651
905112019410194002236
905112019410194002165
905112019410194001616
905112019410194002778
905112019410194002962
905112019410194001476
905112019410194001753
905112019410194001702
905112019410194001503
905112019410194003000
905112019410194001399
905112019410194001652
905112019410194002880
905112019410194002634
905112019410194002142
905112019410194001719
905112019410194001560
905112019410194003247
905112019410194003318
905112019410194003194
905112019410194002865
905112019410194002560
905112019410194002492
905112019410194002168
905112019410194003025
905112019410194001703
905112019410194001488
905112019410194001340
905112019410194001622
905112019410194003153
905112019410194002798
905112019410194002290
905112019410194001649
905112019410194003285
905112019410194001862
905112019410194003156
905112019410194002920
905112019410194001763
905112019410194002602
905112019410194003021
905112019410194001442
905112019410194002692
905112019410194002636
905112019410194001834
905112019410194002539
905112019410194001980
905112019410194003523
905112019410194002001
905112019410194003286
905112019410194003450
905112019410194003361
905112019410194000720
905112019410194001883
905112019410194001087
905112019410194000862
905112019410194001026
905112019410194000627
905112019410194005811
905112019410194005665
905112019410194005815
905112019410194006555
905112019410194005375
905112019410194005646
905112019410194005389
905112019410194005242
905112019410194004852
905112019410194005492
905112019410194005701
905112019410194005123
905112019410194005081
905112019410194004951
905112019410194004680
905112019410194004227
905112019410194004057
905112019410194003920
905112019410194004204
905112019410194004374
905112019410194004193
905112019410194004129
905112019410194004079
905112019410194004043
905112019410194005805
905112019410194006380
905112019410194006431
905112019410194005823
905112019410194005332
905112019410194004648
905112019410194003020
905112019410194005600
905112019410194005070
905112019410194005108
905112019410194005349
905112019410194005339
905112019410194005420
905112019410194005085
905112019410194004945
905112019410194005919
905112019410194005539
905112019410194005122
905112019410194005415
905112019410194005017
905112019410194005459
905112019410194005402
905112019410194005126
905112019410194005895
905112019410194005753
905112019410194004807
905112019410194004949
905112019410194004839
905112019410194005090
905112019410194004773
905112019410194004772
905112019410194004885
905112019410194003947
905112019410194004490
905112019410194004693
905112019410194004630
905112019410194004742
905112019410194004995
905112019410194004900
905112019410194004893
905112019410194005508
905112019410194005235
905112019410194005838
905112019410194005769
905112019410194005201
905112019410194005656
905112019410194005241
905112019410194004975
905112019410194005877
905112019410194004348
905112019410194004605
905112019410194004788
905112019410194004499
905112019410194002593
905112019410194004651
905112019410194004453
905112019410194004330
905112019410194004320
905112019410194004658
905112019410194003750
905112019410194004432
905112019410194004427
905112019410194004321
905112019410194006138
905112019410194004637
905112019410194004575
905112019410194004373
905112019410194004340
905112019410194003712
905112019410194003987
905112019410194003756
905112019410194003744
905112019410194003705
905112019410194003787
905112019410194003757
905112019410194002596
905112019410194004051
905112019410194003697
905112019410194006779
905112019410194006342
905112019410194006313
905112019410194005978
905112019410194006843
905112019410194005288
905112019410194006382
905112019410194005918
905112019410194005376
905112019410194006561
905112019410194006407
905112019410194004997
905112019410194004884
905112019410194006390
905112019410194006324
905112019410194005949
905112019410194007048
905112019410194007913
905112019410194007890
905112019410194007942
905112019410194008085
905112019410194007960
905112019410194007949
905112019410194007400
905112019410194008261
905112019410194007535
905112019410194006543
905112019410194007900
905112019410194007499
905112019410194007477
905112019410194007078
905112019410194007142
905112019410194007249
905112019410194007187
905112019410194007661
905112019410194008507
905112019410194007119
905112019410194008331
905112019410194008326
905112019410194008269
905112019410194007293
905112019410194007910
905112019410194008489
905112019410194008309
905112019410194008369
905112019410194008469
905112019410194008380
905112019410194008240
905112019410194008229
905112019410194008310
905112019410194008228
905112019410194009468
905112019410194008260
905112019410194008658
905112019410194009012
905112019410194008763
905112019410194008551
905112019410194007175
905112019410194008557
905112019410194006444
905112019410194009603
905112019410194005257
905112019410194008848
905112019410194008802
905112019410194008767
905112019410194008039
905112019410194008733
905112019410194008901
905112019410194009200
905112019410194009033
905112019410194008904
905112019410194008606
905112019410194007978
905112019410194009541
905112019410194008779
905112019410194008675
905112019410194009375
905112019410194008759
905112019410194008900
905112019410194009457
905112019410194008072
905112019410194009295
905112019410194009202
905112019410194008964
905112019410194009146
905112019410194008620
905112019410194009025
905112019410194009296
905112019410194008770
905112019410194008847
905112019410194003108
905112019410194008737
905112019410194008715
905112019410194008661
905112019410194009130
905112019410194008724
905112019410194009093
905112019410194001677
905112019410194007239
905112019410194007917
905112019410194007649
905112019410194007639
905112019410194007257
905112019410194007848
905112019410194000901
905112019410194007328
905112019410194009009
905112019410194007902
905112019410194007516
905112019410194004664
905112019410194008329
905112019410194007880
905112019410194007233
905112019410194007186
905112019410194007852
905112019410194007984
905112019410194007071
905112019410194007670
905112019410194007356
905112019410194007419
905112019410194007094
905112019410194007633
905112019410194008165
905112019410194008101
905112019410194007351
905112019410194007538
905112019410194007731
905112019410194007384
905112019410194007829
905112019410194007889
905112019410194007627
905112019410194007279
905112019410194008004
905112019410194007983
905112019410194007903
905112019410194007795
905112019410194007613
905112019410194008125
905112019410194007930
905112019410194007701
905112019410194008024
905112019410194007931
905112019410194008641
905112019410194008018
905112019410194007946
905112019410194007788
905112019410194007426
905112019410194007132
905112019410194007060
905112019410194010040
905112019410194008055
905112019410194010041
905112019410194010052
905112019410194008991
905112019410194004561
905112019410194010055
905112019410194010170
905112019410194010042
905112019410194010185
905112019410194010116
905112019410194010294
905112019410194010321
905112019410194010289
905112019410194010282
905112019410194010318
905112019410194010756
905112019410194010717
905112019410194010518
905112019410194011862
905112019410194011692
905112019410194011000
905112019410194010637
905112019410194012027
905112019410194011774
905112019410194008471
905112019410194013098
905112019410194012349
905112019410194014460
905112019410194016771
905112019410194017031
905112019410194018297
905112019410194014225
905112019410194014186
905112019410194014702
905112019410194016050
905112019410194016036
905112019410194015820
905112019410194015708
905112019410194016119
905112019410194016031
905112019410194016092
905112019410194015490
905112019410194015942
905112019410194018429
905112019410194016054
905112019410194016097
905112019410194016302
905112019410194015462
905112019410194016076
905112019410194015521
905112019410194015711
905112019410194014949
905112019410194016177
905112019410194016073
905112019410194016062
905112019410194016059
905112019410194015899
905112019410194018342
905112019410194015513
905112019410194018136
905112019410194014243
905112019410194015612
905112019410194018286
905112019410194017819
905112019410194017323
905112019410194016879
905112019410194017577
905112019410194016822
905112019410194019207
905112019410194014969
905112019410194014380
905112019410194018051
905112019410194014880
905112019410194016413
905112019410194017705
905112019410194017543
905112019410194017013
905112019410194014708
905112019410194018327
905112019410194016230
905112019410194016955
905112019410194013959
905112019410194014207
905112019410194017948
905112019410194014665
905112019410194017057
905112019410194019265
905112019410194016946
905112019410194014830
905112019410194017215
905112019410194014885
905112019410194017376
905112019410194017266
905112019410194014888
905112019410194014582
905112019410194013975
905112019410194015236
905112019410194015782
905112019410194014608
905112019410194019216
905112019410194014220
905112019410194018996
905112019410194018295
905112019410194018190
905112019410194018054
905112019410194017044
905112019410194014786
905112019410194014605
905112019410194017641
905112019410194015278
905112019410194019388
905112019410194017730
905112019410194014861
905112019410194013979
905112019410194017749
905112019410194016834
905112019410194016628
905112019410194014943
905112019410194015050
905112019410194015279
905112019410194018811
905112019410194018781
905112019410194015284
905112019410194013980
905112019410194017747
905112019410194017570
905112019410194017419
905112019410194014987
905112019410194015342
905112019410194018590
905112019410194015847
905112019410194015255
905112019410194017408
905112019410194015108
905112019410194014549
905112019410194014198
905112019410194019047
905112019410194018329
905112019410194014851
905112019410194013987
905112019410194017337
905112019410194015055
905112019410194016589
905112019410194017245
905112019410194018997
905112019410194018761
905112019410194016670
905112019410194018339
905112019410194018357
905112019410194018776
905112019410194016327
905112019410194018668
905112019410194014373
905112019410194018442
905112019410194018993
905112019410194016706
905112019410194017584
905112019410194016010
905112019410194017649
905112019410194017906
905112019410194016960
905112019410194014881
905112019410194017041
905112019410194014517
905112019410194014763
905112019410194014185
905112019410194014467
905112019410194014592
905112019410194014513
905112019410194017303
905112019410194017895
905112019410194017657
905112019410194019350
905112019410194017793
905112019410194014583
905112019410194016507
905112019410194018577
905112019410194017587
905112019410194014615
905112019410194014718
905112019410194017588
905112019410194016793
905112019410194018322
905112019410194016929
905112019410194014612
905112019410194014650
905112019410194014439
905112019410194014083
905112019410194013921
905112019410194014323
905112019410194014191
905112019410194014489
905112019410194019713
905112019410194019730
905112019410194019579
905112019410194019559
905112019410194019558
905112019410194019809
905112019410194020014
905112019410194020005
905112019410194019876
905112019410194019998
905112019410194019838
905112019410194020033
905112019410194019878
905112019410194020015
905112019410194020241
905112019410194020295
905112019410194020612
905112019410194020365
905112019410194020331
905112019410194020696
905112019410194020445
905112019410194020412
905112019410194020385
905112019410194020867
905112019410194020866
905112019410194020543
905112019410194020664
905112019410194020479
905112019410194020851
905112019410194020792
905112019410194020722
905112019410194021040
905112019410194021037
905122019410194000035
905112019410194020973
905112019410194020960
905112019410194020810
905112019410194020905
905112019410194021259
905112019410194021501
905112019410194022072
905112019410194022194
905112019410194022180
905112019410194022164
905112019410194022250
905112018410194324561
905112019410194025884
905112019410194025955
905112019410194026023
905112019410194025878
905112019410194025971
905112019410194025959
905112019410194025953
905112019410194026009
905112019410194025988
905112019410194025982
905112019410194025954
905112019410194025917
905112019410194025913
905112019410194025968
905112019410194026124
905112019410194026057
905112019410194026103
905112019410194026078
905112019410194026047
905112019410194026037
905112019410194026036
905112019410194026131
905112019410194026107
905112019410194026090
905112019410194026146
905112019410194026220
905112019410194026187
905112019410194026186
905112019410194026177
905112019410194026164
905112019410194026191
905112019410194025870
905112019410194026154
905112019410194026312
905112019410194026317
905112019410194026315
905112019410194026314
905112019410194026224
905112019410194026223
905112019410194026286
905112019410194026284
905112019410194026252
905112019410194026236
905112019410194026233
905112019410194026527
905112019410194026488
905112019410194026467
905112019410194026701
905112019410194026596
905112019410194027716
905112019410194027348
905112019410194028253
905112019410194028241
905112019410194028040
905112019410194028186
905112019410194027949
905112019410194027921
905112019410194028037
905112019410194028329
905112019410194028251
905112019410194028652
905112019410194028716
905112019410194028506
905112019410194028966
905112019410194029067
905112019410194028640
905112019410194028877
905112019410194028825
905112019410194029110
905112019410194029199
905112019410194029277
905112019410194029126
905112019410194029296
905112019410194029383
905112019410194029343
905112019410194029523
905112019410194029513
905112019410194029829
905112019410194029736
905112019410194030271
905112019410194030257
905122019410194000143
905112019410194030265
905112019410194030202
905112019410194030200
905112019410194030159
905112019410194030380
905112019410194030289
905112019410194030281
905112019410194030415
905112019410194030280
905112019410194030130
905112019410194030447
905112019410194030248
905112019410194030394
905112019410194030344
905112019410194030102
905112019410194030242
905112019410194030449
905112019410194030412
905112019410194030198
905112019410194030445
905112019410194029992
905112019410194030232
905112019410194030060
905112019410194030430
905112019410194030348
905112019410194030225
905122019410194000162
905112019410194030065
905112019410194029990
905112019410194030612
905112019410194030620
905112019410194030610
905112019410194030590
905112019410194030489
905112019410194030635
905112019410194030580
905112019410194030546
905112019410194030542
905112019410194030493
905112019410194030783
905112019410194030668
905112019410194030788
905112019410194030786
905112019410194030689
905112019410194030680
905112019410194030663
905112019410194030625
905112019410194030645
905112019410194031436
905112019410194031084
905112019410194031231
905112019410194030902
905112019410194031086
905112019410194030956
905112019410194030965
905112019410194031041
905112019410194031174
905112019410194031490
905112019410194031230
905112019410194031593
905112019410194031384
905112019410194030860
905112019410194031423
905112019410194031282
905112019410194031618
905112019410194031265
905112019410194030917
905112019410194031194
905112019410194031114
905112019410194030825
905112019410194031021
905112019410194031392
905112019410194031042
905112019410194030839
905112019410194030941
905112019410194030898
905112019410194031063
905112019410194031199
905112019410194031333
905112019410194031064
905112019410194032314
905112019410194032116
905112019410194032168
905112019410194032504
905112019410194031794
905112019410194032485
905112019410194032155
905112019410194032359
905112019410194031895
905112019410194032257
905112019410194031807
905112019410194032317
905112019410194032177
905112019410194032444
905122019410194000185
905112019410194032148
905112019410194031769
905112019410194032468
905112019410194032473
905112019410194031762
905112019410194032507
905112019410194032511
905112019410194031791
905112019410194032505
905112019410194032429
905112019410194031747
905112019410194032529
905112019410194032527
905112019410194032531
905112019410194032659
905112019410194033185
905112019410194029096
905112019410194032707
905112019410194043460
905112019410194042870
905112019410194043739
905112019410194044377
905112019410194045428
905112019410194046004
905112019410194048634
905112019410194048632
905112019410194048943
905112019410194054066
905112019410194054195
905112019410194055685
905112019410194062072
905112019410194062058
905112019410194062049
905112019410194062008
905112019410194061902
905112019410194061892
905112019410194062015
905112019410194062009
905112019410194062005
905112019410194061983
905112019410194061941
905112019410194062012
905112019410194061964
905112019410194061950
905112019410194061905
905112019410194062241
905112019410194062106
905112019410194062092
905112019410194062078
905112019410194062075
905112019410194061990
905112019410194062203
905112019410194062216
905112019410194062214
905112019410194062076
905112019410194062047
905112019410194062064
905112019410194062326
905112019410194062322
905112019410194062320
905112019410194062616
905112019410194062523
905112019410194062479
905112019410194063307
905112019410194063142
905112019410194062874
905112019410194062853
905112019410194063309
905112019410194062950
905112019410194062841
905112019410194063001
905112019410194062679
905112019410194062837
905112019410194062728
905112019410194062628
905112019410194063193
905112019410194062675
905112019410194063289
905112019410194063268
905112019410194062904
905112019410194063121
905112019410194062835
905112019410194062827
905112019410194063398
905112019410194064102
905112019410194064032
905112019410194063574
905112019410194063519
905112019410194063450
905112019410194063397
905112019410194063391
905112019410194063443
905112019410194063565
905112019410194063482
905112019410194064100
905112019410194063412
905112019410194063562
905112019410194063458
905112019410194064106
905112019410194064017
905112019410194063806
905112019410194063830
905112019410194063492
905112019410194064025
905112019410194063926
905112019410194063473
905112019410194064172
905112019410194063759
905112019410194063717
905112019410194063684
905112019410194065264
905112019410194064191
905112019410194065233
905112019410194064962
905112019410194064747
905112019410194064908
905112019410194064873
905112019410194064683
905112019410194064532
905112019410194064496
905112019410194065468
905112019410194064437
905112019410194064941
905112019410194064484
905112019410194067056
905112019410194065803
905112019410194065634
905112019410194065612
905112019410194065743
905112019410194065672
905112019410194066048
905112019410194065486
905112019410194065640
905112019410194065862
905112019410194065942
905112019410194065866
905112019410194065785
905112019410194066062
905112019410194066097
905112019410194065422
905112019410194065805
905112019410194066211
905112019410194066772
905112019410194066325
905112019410194066429
905112019410194066303
905112019410194066604
905112019410194067216
905112019410194066965
905112019410194066291
905112019410194067049
905112019410194066963
905112019410194066852
905112019410194066758
905112019410194066480
905112019410194066522
905112019410194067052
905112019410194066025
905112019410194067212
905112019410194066826
905112019410194066945
905112019410194066996
905112019410194067661
905112019410194068352
905112019410194067606
905112019410194067572
905112019410194067574
905112019410194067006
905112019410194067722
905112019410194066848
905112019410194065973
905112019410194067888
905112019410194067087
905112019410194067294
905112019410194068281
905112019410194067852
905112019410194069586
905112019410194069416
905112019410194069682
905112019410194069575
905112019410194069467
905112019410194069377
905112019410194069597
905112019410194069470
905112019410194069700
905112019410194069615
905112019410194069468
905112019410194069533
905112019410194069459
905112019410194069490
905112019410194069882
905112019410194069573
905112019410194069809
905112019410194069781
905112019410194069711
905112019410194069450
905112019410194069894
905112019410194069588
905112019410194069641
905112019410194069417
905112019410194069469
905112019410194069476
905112019410194069503
905112019410194069451
905112019410194070485
905112019410194070431
905112019410194069953
905112019410194070489
905112019410194069963
905112019410194064731
905112019410194070014
905112019410194069951
905112019410194070015
905112019410194069935
905112019410194069905
905112019410194069949
905112019410194070046
905112019410194070159
905112019410194070106
905112019410194069959
905112019410194070215
905112019410194070192
905112019410194070135
905112019410194070457
905112019410194070428
905112019410194070491
905112019410194070483
905112019410194070422
905112019410194070080
905112019410194070188
905112019410194070079
905112019410194070171
905112019410194070198
905112019410194070186
905112019410194070334
905112019410194070243
905112019410194070348
905112019410194070277
905112019410194070336
905112019410194070200
905112019410194070307
905112019410194070166
905112019410194070378
905112019410194070289
905112019410194070282
905112019410194070357
905112019410194070309
905112019410194070310
905112019410194070384
905112019410194070396
905112019410194070118
905112019410194070343
905112019410194069973
905112019410194070266
905112019410194070795
905112019410194070535
905112019410194070518
905112019410194070513
905112019410194070611
905112019410194070656
905112019410194070239
905112019410194070573
905112019410194070536
905112019410194070515
905112019410194070644
905112019410194070601
905112019410194070599
905112019410194070670
905112019410194070947
905112019410194071076
905112019410194071009
905112019410194070931
905112019410194071095
905112019410194071080
905112019410194071035
905112019410194071021
905112019410194070973
905112019410194071306
905112019410194071333
905112019410194071350
905112019410194071328
905112019410194071296
905112019410194071261
905112019410194071219
905112019410194071482
905112019410194071352
905112019410194071406
905112019410194071400
905112019410194071399
905112019410194071361
905112019410194071218
905112019410194071434
905112019410194071401
905112019410194071712
905112019410194071662
905112019410194071586
905112019410194071739
905112019410194071691
905112019410194071633
905112019410194071632
905112019410194071547
905112019410194071585
905112019410194071599
905112019410194071875
905112019410194071868
905112019410194071839
905112019410194072005
905112019410194072000
905112019410194071933
905112019410194071931
905112019410194072095
905112019410194072078
905112019410194072059
905112019410194072064
905112019410194072060
905112019410194072126
905112019410194072136
905112019410194072133
905112019410194072135
905112019410194072272
905112019410194072399
905112019410194072266
905112019410194072366
905112019410194072323
905112019410194072252
905112019410194072268
905112019410194072138
905112019410194072257
905112019410194072255
905112019410194072273
905112019410194072232
905112019410194072208
905112019410194072242
905112019410194072497
905112019410194072369
905112019410194072333
905112019410194072392
905112019410194072355
905112019410194072474
905112019410194072284
905112019410194072699
905112019410194072701
905112019410194072670
905112019410194072814
905112019410194072748
905112019410194072686
905112019410194072931
905112019410194072929
905112019410194072749
905112019410194072949
905112019410194072897
905112019410194072620
905112019410194072744
905112019410194073247
905112019410194073235
905112019410194073099
905112019410194073103
905112019410194072993
905112019410194072992
905112019410194073310
905112019410194073307
905112019410194073236
905112019410194073192
905112019410194073124
905112019410194073096
905112019410194073193
905112019410194073140
905112019410194073304
905112019410194073196
905112019410194073692
905112019410194072990
905112019410194073677
905112019410194073678
905112019410194073492
905112019410194073542
905112019410194073528
905112019410194073425
905112019410194073424
905112019410194073546
905112019410194073364
905112019410194073800
905112019410194073765
905112019410194073790
905112019410194073971
905112019410194073904
905112019410194073874
905112019410194073872
905112019410194073983
905112019410194073967
905112019410194073931
905112019410194026737
905112019410194026593
905112019410194026578
905112019410194026760
905112019410194026658
905112019410194026581
905112019410194026576
905112019410194026636
905112019410194026587
905112019410194062016
905112019410194062085
905112019410194061997
905112019410194062949
905112019410194062913
905112019410194062894
905112019410194063183
905112019410194063228
905112019410194062535
905112019410194063440
905112019410194063699
905112019410194063753
905112019410194064485
905112019410194065062
905112019410194064242
905112019410194065783
905112019410194066937
905112019410194067069
905112019410194067064
905112019410194069437
905112019410194069466
905112019410194069475
905112019410194070365
905112019410194070464
905112019410194069960
905112019410194070062
905112019410194069974
905112019410194070369
905112019410194070540
905112019410194070340
905112019410194070890
905112019410194070917
905112019410194071718
905112019410194071552
905112019410194072096
905112019410194072098
905112019410194072034
905112019410194072063
905112019410194072037
905112019410194072011
905112019410194072024
905112019410194072140
905112019410194072160
905112019410194072149
905112019410194072331
905112019410194072183
905112019410194072320
905112019410194072283
905112019410194072280
905112019410194072285
905112019410194072291
905112019410194072411
905112019410194072925
905112019410194072819
905112019410194072803
905112019410194072756
905112019410194072746
905112019410194072657
905112019410194072671
905112019410194072604
905112019410194072588
905112019410194072922
905112019410194072716
905112019410194072578
905112019410194072556
905112019410194073072
905112019410194073065
905112019410194073033
905112019410194072999
905112019410194072970
905112019410194073142
905112019410194073234
905112019410194073197
905112019410194073170
905112019410194073163
905112019410194073167
905112019410194073084
905112019410194073230
905112019410194073123
905112019410194073083
905112019410194073027
905112019410194073009
905112019410194073205
905112019410194073165
905112019410194073081
905112019410194073010
905112019410194073663
905112019410194073676
905112019410194073632
905112019410194073564
905112019410194073580
905112019410194073567
905112019410194073571
905112019410194073639
905112019410194073636
905112019410194073563
905112019410194073413
905112019410194073550
905112019410194073544
905112019410194073560
905112019410194073414
905112019410194073545
905112019410194073534
905112019410194073516
905112019410194073445
905112019410194073398
905112019410194073884
905112019410194073882
905112019410194073846
905112019410194073781
905112019410194073778
905112019410194073736
905112019410194073875
905112019410194073803
905112019410194073898
905112019410194073891
905112019410194073888
905112019410194073881
905112019410194073776
905112019410194073972
905112019410194073847
905112019410194073812
905112019410194073785
905072019410194000070
905072019410194000040
905072019410194000086
905072019410194000038
905072019410194000008
905072019410194000589
905072019410194000785
905072019410194000899
905072019410194000391
905072019410194000862
905072019410194000836
905072019410194000187
905072019410194000189
905072019410194000813
905072019410194000998
905072019410194001457
905072019410194002073
905072019410194001359
905072019410194001916
905072019410194001898
905072019410194000406
905072019410194002553
905072019410194003461
905072019410194003525
905072019410194003256
905072019410194003231
905072019410194002863
905072019410194002806
905072019410194002905
905072019410194002899
905072019410194003097
905072019410194002942
905072019410194003333
905072019410194003654
905072019410194003723
905072019410194004576
905072019410194004583
905072019410194005635
905072019410194005131
905072019410194005354
905072019410194005228
905072019410194005305
905072019410194005405
905072019410194005096
905072019410194005225
905072019410194004528
905072019410194004561
905072019410194004908
905072019410194005809
905072019410194006200
905072019410194006060
905072019410194007000
905072019410194007536
905072019410194007337
905072019410194007572
905072019410194008505
905072019410194008803
905072019410194008738
905072019410194009744
905072019410194008499
905072019410194009419
905072019410194009399
905072019410194009758
905072019410194009651
905072019410194010111
905072019410194009401
905072019410194008337
905072019410194010105
905072019410194009574
905072019410194008238
905072019410194007925
905072019410194010524
905072019410194010215
905072019410194007745
905072019410194009820
905072019410194008084
905072019410194010653
905072019410194011388
905072019410194011381
905072019410194011378
905072019410194011936
905072019410194015390
905072019410194015425
905072019410194015452
905072019410194015629
905072019410194016454
905072019410194017098
905072019410194016915
905072019410194018008
905072019410194018005
905072019410194018094
905072019410194017899
905072019410194017870
905072019410194018186
905072019410194018746
905072019410194018695
905072019410194018551
905072019410194018408
905072019410194018413
905072019410194018687
905072019410194019106
905072019410194032775
905072019410194035625
905072019410194035773
905072019410194035821
905072019410194036179
905072019410194037510
905072019410194037752
905072019410194037738
905072019410194038955
905072019410194039022
905072019410194038964
905072019410194039121
905072019410194039162
905072019410194039237
905072019410194039555
905072019410194039774
905072019410194001175
905072019410194002229
905072019410194002916
905072019410194002725
905072019410194002811
905072019410194005281
905072019410194010551
905072019410194008451
905072019410194007703
905072019410194009156
905072019410194017964
905072019410194018788
905072019410194034672
905072019410194035043
905072019410194035478
905072019410194037717
905072019410194037813
905072019410194037720
905072019410194037733
905072019410194039332
905072019410194039406
905072019410194039504
905072019410194039779
905072019410194039688
905072019410194039927
905072019410194039894
905072019410194039897
905072019410194039949
905072019410194039931
905072019410194040013
905072019410194000903
905072019410194000277
905072019410194000413
905072019410194001884
905072019410194001697
905072019410194003070
905072019410194002862
905072019410194004351
905072019410194004895
905072019410194005061
905072019410194005444
905072019410194005436
905072019410194004983
905072019410194005166
905072019410194005155
905072019410194005308
905072019410194005586
905072019410194004485
905072019410194004644
905072019410194005887
905072019410194006017
905072019410194005980
905072019410194007076
905072019410194007373
905072019410194006911
905072019410194007453
905072019410194007530
905072019410194007385
905072019410194008139
905072019410194008999
905072019410194008748
905072019410194008859
905072019410194008257
905072019410194008550
905072019410194008813
905072019410194010227
905072019410194010343
905072019410194009536
905072019410194009710
905072019410194009986
905072019410194009293
905072019410194010186
905072019410194009949
905072019410194010077
905072019410194007687
905072019410194009891
905072019410194010172
905072019410194009376
905072019410194008444
905072019410194009597
905072019410194009360
905072019410194008551
905072019410194007832
905072019410194009906
905072019410194008829
905072019410194008149
905072019410194009507
905072019410194009709
905072019410194010157
905072019410194010907
905072019410194011268
905072019410194012368
905072019410194015732
905072019410194015756
905072019410194015744
905072019410194017683
905072019410194017916
905072019410194017893
905072019410194018083
905072019410194018019
905072019410194018375
905072019410194018419
905072019410194018734
905072019410194019100
905072019410194034104
905072019410194034639
905072019410194034489
905072019410194034888
905072019410194034919
905072019410194035017
905072019410194035476
905072019410194035879
905072019410194036202
905072019410194037347
905072019410194037493
905072019410194037641
905072019410194037474
905072019410194037467
905072019410194037416
905072019410194037898
905072019410194037903
905072019410194037704
905072019410194037719
905072019410194037859
905072019410194037858
905072019410194038103
905072019410194038165
905072019410194038176
905072019410194038517
905072019410194038871
905072019410194038827
905072019410194038841
905072019410194038830
905072019410194038910
905072019410194039067
905072019410194038944
905072019410194039041
905072019410194039047
905072019410194039136
905072019410194039412
905072019410194039285
905072019410194039294
905072019410194039264
905072019410194039259
905072019410194039410
905072019410194039324
905072019410194039215
905072019410194039472
905072019410194039475
905072019410194039463
905072019410194039546
905072019410194039452
905072019410194039506
905072019410194039477
905072019410194039539
905072019410194039482
905072019410194039476
905072019410194039461
905072019410194039455
905072019410194039503
905072019410194039787
905072019410194039794
905072019410194039773
905072019410194039738
905072019410194039739
905072019410194039777
905072019410194039742
905072019410194039646
905072019410194039645
905072019410194039717
905072019410194039733
905072019410194039605
905072019410194039718
905072019410194039710
905072019410194039679
905072019410194039660
905072019410194039638
905072019410194039938
905072019410194039929
905072019410194039859
905072019410194039856
905072019410194039883
905072019410194039960
905072019410194039788
905072019410194039934
905072019410194040006
